2530.920701265335
448283
0.04200339317321777
0.0
0.0010013580322265625
0.0010020732879638672
0.0010004043579101562
0.0
0.001005411148071289
0.0010030269622802734
0.0
0.0
0.001003265380859375
0.0
0.001001119613647461
0.0
0.0020003318786621094
0.0
0.0010001659393310547
0.0
0.0010209083557128906
0.0
0.0
0.0009989738464355469
0.0010018348693847656
0.0
0.0
0.0
0.0
0.0
0.0009980201721191406
0.001001119613647461
0.000997781753540039
0.0010008811950683594
0.0
0.0009996891021728516
0.00099945068359375
0.0
0.001001119613647461
0.0010008811950683594
0.00099945068359375
0.0
0.0009961128234863281
0.0
0.0
0.0
0.001003265380859375
0.001005411148071289
0.0010008811950683594
0.0010008811950683594
0.0010030269622802734
0.0
0.0009996891021728516
0.0
0.0
0.001001119613647461
0.0010025501251220703
0.0009992122650146484
0.0009996891021728516
0.0010006427764892578
0.0009055137634277344
0.0
0.0
0.0014047622680664062
0.0
0.003005504608154297
0.000997781753540039
0.0009992122650146484
0.0009951591491699219
0.0
0.002001523971557617
0.0010004043579101562
0.0009996891021728516
0.0
0.0020012855529785156
0.0010027885437011719
0.0
0.0009992122650146484
0.0009999275207519531
0.0
0.0
0.0060024261474609375
0.0
0.002000570297241211
0.0009980201721191406
0.003999233245849609
0.0
0.0
0.0
0.0
0.001998424530029297
0.002001047134399414
0.0
0.0
0.0010008811950683594
0.003000020980834961
0.004001617431640625
0.0
0.0020101070404052734
0.007996082305908203
0.003007173538208008
0.0019998550415039062
0.0010004043579101562
0.0010001659393310547
0.0010006427764892578
0.0
0.0
0.0010004043579101562
0.0009987354278564453
0.0
0.004001617431640625
0.0009987354278564453
0.0010004043579101562
0.004000186920166016
0.0
0.0
0.0009982585906982422
0.0
0.0009996891021728516
0.0
0.0029993057250976562
0.0
0.0
0.0019989013671875
0.0010006427764892578
0.0020046234130859375
0.0
0.0030002593994140625
0.0
0.0
0.0
0.0050008296966552734
0.0
0.003001689910888672
0.0020008087158203125
0.0010008811950683594
0.001997232437133789
0.0010013580322265625
0.0009999275207519531
0.0
0.0010001659393310547
0.0019989013671875
0.0
0.0
0.0020008087158203125
0.0
0.0020008087158203125
0.0
0.0010035037994384766
0.0
0.0
0.009998798370361328
0.0
0.0
0.0
0.0010004043579101562
0.004998445510864258
0.0010001659393310547
0.0009999275207519531
0.0010001659393310547
0.0010008811950683594
0.0
0.0
0.0009996891021728516
0.0
0.0010001659393310547
0.0
0.0
0.0020008087158203125
0.0
0.0
0.0010006427764892578
0.005003213882446289
0.0
0.0010037422180175781
0.0
0.0
0.003999233245849609
0.0
0.001001596450805664
0.0
0.0
0.0010004043579101562
0.0
0.002000093460083008
0.001001596450805664
0.0
0.0
0.0
0.0009999275207519531
0.003998994827270508
0.0
0.0009992122650146484
0.0
0.0009999275207519531
0.0
0.0010013580322265625
0.0009999275207519531
0.001003265380859375
0.006000518798828125
0.002002239227294922
0.0
0.0
0.00099945068359375
0.0
0.0
0.005001068115234375
0.0009996891021728516
0.004000663757324219
0.0
0.0009992122650146484
0.0
0.0009989738464355469
0.0
0.0009818077087402344
0.0010209083557128906
0.003991842269897461
0.0
0.001001596450805664
0.0009975433349609375
0.0
0.0009996891021728516
0.0
0.0009996891021728516
0.0009970664978027344
0.0
0.0006802082061767578
0.0
0.0019989013671875
0.0
0.0
0.0
0.004002094268798828
0.0020008087158203125
0.0010001659393310547
0.0
0.0
0.0030002593994140625
0.0049974918365478516
0.0020012855529785156
0.0
0.0
0.000995635986328125
0.0
0.0010001659393310547
0.0029997825622558594
0.000997781753540039
0.0009987354278564453
0.0010006427764892578
0.0
0.0009982585906982422
0.0
0.0
0.0020012855529785156
0.0
0.0
0.0019998550415039062
0.0010008811950683594
0.0010018348693847656
0.00099945068359375
0.0009999275207519531
0.0
0.0
0.00099945068359375
0.0010025501251220703
0.0009970664978027344
0.0009999275207519531
0.0
0.0
0.0010001659393310547
0.0009996891021728516
0.0
0.0009996891021728516
0.00099945068359375
0.0009982585906982422
0.0030019283294677734
0.0
0.0010027885437011719
0.0009996891021728516
0.0019979476928710938
0.0
0.0009992122650146484
0.0010004043579101562
0.0
0.0020008087158203125
0.0010006427764892578
0.0
0.0
0.0009996891021728516
0.002001523971557617
0.005997419357299805
0.002000570297241211
0.0009968280792236328
0.0009989738464355469
0.0
0.0
0.0
0.0
0.0
0.0
0.001512765884399414
0.0
0.0010023117065429688
0.0
0.0010013580322265625
0.0
0.0
0.0010008811950683594
0.0009992122650146484
0.0009989738464355469
0.0030002593994140625
0.0
0.0
0.0010018348693847656
0.0009992122650146484
0.001001119613647461
0.0
0.0
0.0010023117065429688
0.0
0.0029985904693603516
0.0020036697387695312
0.0019989013671875
0.0009996891021728516
0.0
0.0010008811950683594
0.0
0.0010001659393310547
0.0
0.0
0.003998517990112305
0.0
0.0
0.0020034313201904297
0.0
0.0
0.0010001659393310547
0.0
0.0
0.001998424530029297
0.001001119613647461
0.0030002593994140625
0.0029990673065185547
0.0
0.0009999275207519531
0.0010082721710205078
0.0
0.0
0.0009999275207519531
0.0
0.006001472473144531
0.0009996891021728516
0.0
0.0
0.0
0.0
0.0
0.002001047134399414
0.0
0.0
0.0
0.0
0.0
0.0
0.0
0.0
0.0010013580322265625
0.0
0.001004934310913086
0.0010001659393310547
0.0029990673065185547
0.0010006427764892578
0.0009996891021728516
0.0
0.0
0.0009992122650146484
0.0
0.0
0.0
0.0
0.0
0.002000093460083008
0.0010149478912353516
0.0009849071502685547
0.0
0.0009999275207519531
0.0
0.0
0.0009999275207519531
0.0
0.0020008087158203125
0.0
0.0020012855529785156
0.0
0.0
0.0010004043579101562
0.0
0.0009999275207519531
0.000997781753540039
0.0029952526092529297
0.0010025501251220703
0.0
0.0009996891021728516
0.003007173538208008
0.0
0.0
0.0
0.0010008811950683594
0.0
0.0020055770874023438
0.000995635986328125
0.0
0.003000497817993164
0.0040018558502197266
0.0
0.0
0.0
0.00099945068359375
0.0
0.002000570297241211
0.0
0.0
0.003000020980834961
0.0009999275207519531
0.0010004043579101562
0.0
0.0009999275207519531
0.0
0.0
0.0
0.0019974708557128906
0.0
0.0009963512420654297
0.0010004043579101562
0.0
0.0
0.0
0.0
0.004001617431640625
0.0009984970092773438
0.006007671356201172
0.0009968280792236328
0.0019979476928710938
0.0
0.0
0.005000591278076172
0.0020012855529785156
0.0
0.0010039806365966797
0.0009989738464355469
0.001001119613647461
0.0
0.0010001659393310547
0.0
0.0
0.0020012855529785156
0.001001596450805664
0.0
0.0009961128234863281
0.0
0.0
0.0010008811950683594
0.0020003318786621094
0.0
0.0009999275207519531
0.0010004043579101562
0.0010001659393310547
0.0009965896606445312
0.0
0.0010020732879638672
0.003132343292236328
0.0
0.0
0.0019989013671875
0.002002716064453125
0.0
0.0009965896606445312
0.0010001659393310547
0.0020020008087158203
0.000995635986328125
0.003003835678100586
0.0020020008087158203
0.003999471664428711
0.0009996891021728516
0.0
0.0
0.0
0.0009989738464355469
0.0
0.0010046958923339844
0.0
0.0020024776458740234
0.0009980201721191406
0.0009946823120117188
0.0
0.0
0.0009996891021728516
0.0
0.0
0.0
0.004004955291748047
0.0
0.002001047134399414
0.003000974655151367
0.0
0.0020003318786621094
0.0
0.0
0.005001544952392578
0.001001119613647461
0.0009989738464355469
0.004000186920166016
0.0020003318786621094
0.0010018348693847656
0.0009989738464355469
0.0
0.0
0.0
0.0
0.0
0.0010023117065429688
0.0010006427764892578
0.0
0.0
0.00099945068359375
0.0
0.0010008811950683594
0.0
0.0
0.0
0.0
0.001003265380859375
0.00099945068359375
0.0010013580322265625
0.0
0.0
0.0
0.0
0.0029990673065185547
0.0010004043579101562
0.0
0.0
0.003002643585205078
0.0
0.00099945068359375
0.0
0.0
0.0
0.0
0.0
0.004003047943115234
0.0
0.0
0.0
0.0
0.001999378204345703
0.0
0.0
0.0009992122650146484
0.006558418273925781
0.0
0.0020017623901367188
0.00099945068359375
0.0
0.0
0.0009999275207519531
0.0
0.0
0.0
0.0039997100830078125
0.0009968280792236328
0.0010051727294921875
0.0009944438934326172
0.0010008811950683594
0.005003690719604492
0.0
0.0029997825622558594
0.0019996166229248047
0.0
0.0009992122650146484
0.006997108459472656
0.001001119613647461
0.00099945068359375
0.003000020980834961
0.003000497817993164
0.0009999275207519531
0.0010006427764892578
0.004996061325073242
0.0
0.001001119613647461
0.0
0.0
0.0
0.00351715087890625
0.0010006427764892578
0.0030057430267333984
0.007995367050170898
0.0010008811950683594
0.0
0.0009984970092773438
0.0
0.0009980201721191406
0.0010008811950683594
0.0010039806365966797
0.0
0.0010006427764892578
0.003999948501586914
0.0010001659393310547
0.0
0.0009996891021728516
0.001001119613647461
0.0009996891021728516
0.0009999275207519531
0.004999399185180664
0.0
0.005000114440917969
0.0010170936584472656
0.0
0.0
0.0009989738464355469
0.0
0.0
0.0010001659393310547
0.0
0.0010001659393310547
0.004000186920166016
0.0020012855529785156
0.0010001659393310547
0.003937482833862305
0.0
0.0
0.001997709274291992
0.0
0.0
0.0
0.0
0.0010001659393310547
0.0010006427764892578
0.0
0.0
0.0
0.0009999275207519531
0.0009999275207519531
0.0
0.0
0.001001119613647461
0.0010001659393310547
0.0
0.003000974655151367
0.0029985904693603516
0.0
0.0019989013671875
0.0
0.0
0.0010004043579101562
0.0010042190551757812
0.0009980201721191406
0.00500035285949707
0.0
0.0
0.000997781753540039
0.0
0.0
0.0010008811950683594
0.0
0.0
0.0029993057250976562
0.002001523971557617
0.0009982585906982422
0.0
0.0
0.0
0.0010006427764892578
0.004004955291748047
0.0009999275207519531
0.0
0.0
0.0009996891021728516
0.0
0.0010001659393310547
0.0
0.0
0.0010006427764892578
0.0
0.0
0.004004716873168945
0.0019998550415039062
0.0004818439483642578
0.0010001659393310547
0.0
0.0
0.0
0.00451350212097168
0.002998828887939453
0.0
0.0009975433349609375
0.0
0.0010004043579101562
0.0
0.0010006427764892578
0.0
0.0009996891021728516
0.0
0.0010004043579101562
0.0
0.0030014514923095703
0.0
0.001003265380859375
0.0009999275207519531
0.0
0.0
0.0
0.0010001659393310547
0.0
0.0010018348693847656
0.000997304916381836
0.0
0.0010008811950683594
0.0
0.000997781753540039
0.0010006427764892578
0.0009999275207519531
0.0
0.001001119613647461
0.0010025501251220703
0.004242420196533203
0.00251007080078125
0.0
0.0
0.0
0.003000497817993164
0.0
0.0
0.0
0.0
0.0010004043579101562
0.0020020008087158203
0.0009987354278564453
0.0
0.0
0.002273082733154297
0.0
0.004998922348022461
0.0
0.0010013580322265625
0.001001119613647461
0.0
0.0020003318786621094
0.0009996891021728516
0.0
0.0
0.0010004043579101562
0.0010008811950683594
0.0
0.0010001659393310547
0.0010008811950683594
0.0
0.0
0.0
0.0
0.0
0.0
0.0
0.0
0.003000020980834961
0.0009963512420654297
0.0009996891021728516
0.0
0.0030002593994140625
0.0010018348693847656
0.0009984970092773438
0.00699925422668457
0.0
0.0020020008087158203
0.003999948501586914
0.0010037422180175781
0.0
0.0070040225982666016
0.001998424530029297
0.0
0.0
0.0
0.0009996891021728516
0.0
0.0
0.0
0.006284236907958984
0.0
0.0010013580322265625
0.0
0.001998424530029297
0.0
0.002000093460083008
0.0
0.001003265380859375
0.0
0.0009996891021728516
0.005952358245849609
0.0009989738464355469
0.0020008087158203125
0.00099945068359375
0.0020008087158203125
0.0
0.002999544143676758
0.0010058879852294922
0.0010008811950683594
0.009000062942504883
0.0
0.0
0.0
0.0010006427764892578
0.001001596450805664
0.0009989738464355469
0.0
0.0009963512420654297
0.0010042190551757812
0.0
0.0
0.0
0.0010001659393310547
0.0
0.001003265380859375
0.0
0.0
0.0
0.00046825408935546875
0.0
0.0010006427764892578
0.0
0.0005724430084228516
0.0
0.0
0.0
0.001993894577026367
0.0035076141357421875
0.0
0.0
0.0
0.0029997825622558594
0.0009999275207519531
0.003999948501586914
0.0
0.0
0.0010006427764892578
0.0
0.0
0.005002260208129883
0.0039997100830078125
0.0010025501251220703
0.005000114440917969
0.0
0.008001089096069336
0.0019998550415039062
0.0010004043579101562
0.0009996891021728516
0.0070037841796875
0.0020024776458740234
0.0
0.0009961128234863281
0.0010027885437011719
0.0009999275207519531
0.0
0.0
0.0010008811950683594
0.0
0.0009992122650146484
0.004953622817993164
0.0
0.001997232437133789
0.0
0.0
0.0010004043579101562
0.0
0.0020020008087158203
0.0
0.0
0.0009996891021728516
0.002999544143676758
0.0
0.0009989738464355469
0.0009992122650146484
0.001001596450805664
0.001508474349975586
0.0
0.0010004043579101562
0.0
0.0
0.002999544143676758
0.0
0.0009992122650146484
0.0009999275207519531
0.003999471664428711
0.0
0.0
0.0
0.00099945068359375
0.0010001659393310547
0.0
0.0010030269622802734
0.002998828887939453
0.0
0.001001596450805664
0.0
0.0
0.0
0.0
0.0
0.0029993057250976562
0.0009996891021728516
0.001001119613647461
0.005001068115234375
0.0009996891021728516
0.0
0.0010004043579101562
0.0010004043579101562
0.0
0.0010046958923339844
0.0
0.0
0.0
0.0
0.0010006427764892578
0.0009996891021728516
0.0
0.004001140594482422
0.0
0.0
0.0010004043579101562
0.0
0.007002830505371094
0.0
0.0009992122650146484
0.0
0.0
0.0010013580322265625
0.0
0.0009975433349609375
0.003002643585205078
0.0
0.0
0.0009999275207519531
0.0
0.0
0.0
0.0009992122650146484
0.0
0.0009951591491699219
0.0009996891021728516
0.001001119613647461
0.0009984970092773438
0.000997304916381836
0.002003192901611328
0.0
0.0
0.0
0.001001596450805664
0.002004384994506836
0.002000093460083008
0.0010018348693847656
0.0
0.0
0.0
0.0
0.0010001659393310547
0.0009996891021728516
0.0009984970092773438
0.0
0.0010008811950683594
0.0009999275207519531
0.0
0.0010006427764892578
0.0
0.003509044647216797
0.0010006427764892578
0.0
0.002005338668823242
0.004000186920166016
0.003000974655151367
0.0010013580322265625
0.004000425338745117
0.0030088424682617188
0.000995635986328125
0.0009992122650146484
0.0020046234130859375
0.002002716064453125
0.0
0.0
0.0009868144989013672
0.0010013580322265625
0.0019991397857666016
0.0
0.0
0.0008590221405029297
0.004999876022338867
0.0
0.0009982585906982422
0.003000497817993164
0.0
0.0010018348693847656
0.0019989013671875
0.0009996891021728516
0.0010025501251220703